0 0 0 0.00931516
0 0 1 0.0283489
0 0 2 0.0473826
0 0 3 0.0664164
0 0 4 0.0854501
0 0 5 0.104484
0 0 6 0.123518
0 0 7 0.142551
0 0 8 0.161585
0 0 9 0.180619
0 0 10 0.199652
0 0 11 0.218686
0 0 12 0.23772
0 0 13 0.256754
0 0 14 0.275787
0 0 15 0.294821
0 0 16 0.313855
0 0 17 0.332889
0 0 18 0.351922
0 0 19 0.370956
0 1 0 -0.0139106
0 1 1 0.00512309
0 1 2 0.0241568
0 1 3 0.0431906
0 1 4 0.0622243
0 1 5 0.081258
0 1 6 0.100292
0 1 7 0.119325
0 1 8 0.138359
0 1 9 0.157393
0 1 10 0.176427
0 1 11 0.19546
0 1 12 0.214494
0 1 13 0.233528
0 1 14 0.252562
0 1 15 0.271595
0 1 16 0.290629
0 1 17 0.309663
0 1 18 0.328697
0 1 19 0.34773
0 2 0 -0.0371365
0 2 1 -0.0181027
0 2 2 0.000931014
0 2 3 0.0199647
0 2 4 0.0389985
0 2 5 0.0580322
0 2 6 0.077066
0 2 7 0.0960997
0 2 8 0.115133
0 2 9 0.134167
0 2 10 0.153201
0 2 11 0.172235
0 2 12 0.191268
0 2 13 0.210302
0 2 14 0.229336
0 2 15 0.24837
0 2 16 0.267403
0 2 17 0.286437
0 2 18 0.305471
0 2 19 0.324504
0 3 0 -0.0603623
0 3 1 -0.0413285
0 3 2 -0.0222948
0 3 3 -0.00326106
0 3 4 0.0157727
0 3 5 0.0348064
0 3 6 0.0538401
0 3 7 0.0728739
0 3 8 0.0919076
0 3 9 0.110941
0 3 10 0.129975
0 3 11 0.149009
0 3 12 0.168043
0 3 13 0.187076
0 3 14 0.20611
0 3 15 0.225144
0 3 16 0.244177
0 3 17 0.263211
0 3 18 0.282245
0 3 19 0.301279
0 4 0 -0.0835881
0 4 1 -0.0645543
0 4 2 -0.0455206
0 4 3 -0.0264869
0 4 4 -0.00745313
0 4 5 0.0115806
0 4 6 0.0306143
0 4 7 0.0496481
0 4 8 0.0686818
0 4 9 0.0877155
0 4 10 0.106749
0 4 11 0.125783
0 4 12 0.144817
0 4 13 0.16385
0 4 14 0.182884
0 4 15 0.201918
0 4 16 0.220952
0 4 17 0.239985
0 4 18 0.259019
0 4 19 0.278053
0 5 0 -0.106814
0 5 1 -0.0877801
0 5 2 -0.0687464
0 5 3 -0.0497127
0 5 4 -0.0306789
0 5 5 -0.0116452
0 5 6 0.00738853
0 5 7 0.0264223
0 5 8 0.045456
0 5 9 0.0644897
0 5 10 0.0835235
0 5 11 0.102557
0 5 12 0.121591
0 5 13 0.140625
0 5 14 0.159658
0 5 15 0.178692
0 5 16 0.197726
0 5 17 0.21676
0 5 18 0.235793
0 5 19 0.254827
0 6 0 -0.13004
0 6 1 -0.111006
0 6 2 -0.0919722
0 6 3 -0.0729385
0 6 4 -0.0539047
0 6 5 -0.034871
0 6 6 -0.0158373
0 6 7 0.00319645
0 6 8 0.0222302
0 6 9 0.0412639
0 6 10 0.0602977
0 6 11 0.0793314
0 6 12 0.0983651
0 6 13 0.117399
0 6 14 0.136433
0 6 15 0.155466
0 6 16 0.1745
0 6 17 0.193534
0 6 18 0.212568
0 6 19 0.231601
0 7 0 -0.153265
0 7 1 -0.134232
0 7 2 -0.115198
0 7 3 -0.0961643
0 7 4 -0.0771306
0 7 5 -0.0580968
0 7 6 -0.0390631
0 7 7 -0.0200294
0 7 8 -0.000995622
0 7 9 0.0180381
0 7 10 0.0370718
0 7 11 0.0561056
0 7 12 0.0751393
0 7 13 0.094173
0 7 14 0.113207
0 7 15 0.132241
0 7 16 0.151274
0 7 17 0.170308
0 7 18 0.189342
0 7 19 0.208375
0 8 0 -0.176491
0 8 1 -0.157458
0 8 2 -0.138424
0 8 3 -0.11939
0 8 4 -0.100356
0 8 5 -0.0813226
0 8 6 -0.0622889
0 8 7 -0.0432552
0 8 8 -0.0242214
0 8 9 -0.0051877
0 8 10 0.013846
0 8 11 0.0328798
0 8 12 0.0519135
0 8 13 0.0709472
0 8 14 0.089981
0 8 15 0.109015
0 8 16 0.128048
0 8 17 0.147082
0 8 18 0.166116
0 8 19 0.18515
0 9 0 -0.199717
0 9 1 -0.180683
0 9 2 -0.16165
0 9 3 -0.142616
0 9 4 -0.123582
0 9 5 -0.104548
0 9 6 -0.0855147
0 9 7 -0.066481
0 9 8 -0.0474472
0 9 9 -0.0284135
0 9 10 -0.00937977
0 9 11 0.00965396
0 9 12 0.0286877
0 9 13 0.0477214
0 9 14 0.0667552
0 9 15 0.0857889
0 9 16 0.104823
0 9 17 0.123856
0 9 18 0.14289
0 9 19 0.161924
0 10 0 -0.222943
0 10 1 -0.203909
0 10 2 -0.184875
0 10 3 -0.165842
0 10 4 -0.146808
0 10 5 -0.127774
0 10 6 -0.108741
0 10 7 -0.0897068
0 10 8 -0.070673
0 10 9 -0.0516393
0 10 10 -0.0326056
0 10 11 -0.0135718
0 10 12 0.00546189
0 10 13 0.0244956
0 10 14 0.0435294
0 10 15 0.0625631
0 10 16 0.0815968
0 10 17 0.100631
0 10 18 0.119664
0 10 19 0.138698
0 11 0 -0.246169
0 11 1 -0.227135
0 11 2 -0.208101
0 11 3 -0.189068
0 11 4 -0.170034
0 11 5 -0.151
0 11 6 -0.131966
0 11 7 -0.112933
0 11 8 -0.0938989
0 11 9 -0.0748651
0 11 10 -0.0558314
0 11 11 -0.0367977
0 11 12 -0.0177639
0 11 13 0.00126981
0 11 14 0.0203035
0 11 15 0.0393373
0 11 16 0.058371
0 11 17 0.0774048
0 11 18 0.0964385
0 11 19 0.115472
0 12 0 -0.269395
0 12 1 -0.250361
0 12 2 -0.231327
0 12 3 -0.212293
0 12 4 -0.19326
0 12 5 -0.174226
0 12 6 -0.155192
0 12 7 -0.136158
0 12 8 -0.117125
0 12 9 -0.0980909
0 12 10 -0.0790572
0 12 11 -0.0600235
0 12 12 -0.0409897
0 12 13 -0.021956
0 12 14 -0.00292226
0 12 15 0.0161115
0 12 16 0.0351452
0 12 17 0.0541789
0 12 18 0.0732127
0 12 19 0.0922464
0 13 0 -0.29262
0 13 1 -0.273587
0 13 2 -0.254553
0 13 3 -0.235519
0 13 4 -0.216485
0 13 5 -0.197452
0 13 6 -0.178418
0 13 7 -0.159384
0 13 8 -0.14035
0 13 9 -0.121317
0 13 10 -0.102283
0 13 11 -0.0832493
0 13 12 -0.0642155
0 13 13 -0.0451818
0 13 14 -0.0261481
0 13 15 -0.00711433
0 13 16 0.0119194
0 13 17 0.0309531
0 13 18 0.0499869
0 13 19 0.0690206
0 14 0 -0.315846
0 14 1 -0.296812
0 14 2 -0.277779
0 14 3 -0.258745
0 14 4 -0.239711
0 14 5 -0.220677
0 14 6 -0.201644
0 14 7 -0.18261
0 14 8 -0.163576
0 14 9 -0.144543
0 14 10 -0.125509
0 14 11 -0.106475
0 14 12 -0.0874413
0 14 13 -0.0684076
0 14 14 -0.0493739
0 14 15 -0.0303401
0 14 16 -0.0113064
0 14 17 0.00772733
0 14 18 0.0267611
0 14 19 0.0457948
0 15 0 -0.339072
0 15 1 -0.320038
0 15 2 -0.301004
0 15 3 -0.281971
0 15 4 -0.262937
0 15 5 -0.243903
0 15 6 -0.22487
0 15 7 -0.205836
0 15 8 -0.186802
0 15 9 -0.167768
0 15 10 -0.148735
0 15 11 -0.129701
0 15 12 -0.110667
0 15 13 -0.0916334
0 15 14 -0.0725997
0 15 15 -0.0535659
0 15 16 -0.0345322
0 15 17 -0.0154985
0 15 18 0.00353525
0 15 19 0.022569
0 16 0 -0.362298
0 16 1 -0.343264
0 16 2 -0.32423
0 16 3 -0.305197
0 16 4 -0.286163
0 16 5 -0.267129
0 16 6 -0.248095
0 16 7 -0.229062
0 16 8 -0.210028
0 16 9 -0.190994
0 16 10 -0.17196
0 16 11 -0.152927
0 16 12 -0.133893
0 16 13 -0.114859
0 16 14 -0.0958255
0 16 15 -0.0767918
0 16 16 -0.057758
0 16 17 -0.0387243
0 16 18 -0.0196906
0 16 19 -0.000656822
0 17 0 -0.385524
0 17 1 -0.36649
0 17 2 -0.347456
0 17 3 -0.328422
0 17 4 -0.309389
0 17 5 -0.290355
0 17 6 -0.271321
0 17 7 -0.252287
0 17 8 -0.233254
0 17 9 -0.21422
0 17 10 -0.195186
0 17 11 -0.176152
0 17 12 -0.157119
0 17 13 -0.138085
0 17 14 -0.119051
0 17 15 -0.100018
0 17 16 -0.0809838
0 17 17 -0.0619501
0 17 18 -0.0429164
0 17 19 -0.0238826
0 18 0 -0.408749
0 18 1 -0.389716
0 18 2 -0.370682
0 18 3 -0.351648
0 18 4 -0.332614
0 18 5 -0.313581
0 18 6 -0.294547
0 18 7 -0.275513
0 18 8 -0.25648
0 18 9 -0.237446
0 18 10 -0.218412
0 18 11 -0.199378
0 18 12 -0.180345
0 18 13 -0.161311
0 18 14 -0.142277
0 18 15 -0.123243
0 18 16 -0.10421
0 18 17 -0.0851759
0 18 18 -0.0661422
0 18 19 -0.0471084
0 19 0 -0.431975
0 19 1 -0.412941
0 19 2 -0.393908
0 19 3 -0.374874
0 19 4 -0.35584
0 19 5 -0.336807
0 19 6 -0.317773
0 19 7 -0.298739
0 19 8 -0.279705
0 19 9 -0.260672
0 19 10 -0.241638
0 19 11 -0.222604
0 19 12 -0.20357
0 19 13 -0.184537
0 19 14 -0.165503
0 19 15 -0.146469
0 19 16 -0.127435
0 19 17 -0.108402
0 19 18 -0.089368
0 19 19 -0.0703342
1 0 0 -0.268215
1 0 1 -0.249181
1 0 2 -0.230147
1 0 3 -0.211113
1 0 4 -0.19208
1 0 5 -0.173046
1 0 6 -0.154012
1 0 7 -0.134979
1 0 8 -0.115945
1 0 9 -0.0969111
1 0 10 -0.0778773
1 0 11 -0.0588436
1 0 12 -0.0398099
1 0 13 -0.0207761
1 0 14 -0.0017424
1 0 15 0.0172913
1 0 16 0.0363251
1 0 17 0.0553588
1 0 18 0.0743925
1 0 19 0.0934263
1 1 0 -0.29144
1 1 1 -0.272407
1 1 2 -0.253373
1 1 3 -0.234339
1 1 4 -0.215306
1 1 5 -0.196272
1 1 6 -0.177238
1 1 7 -0.158204
1 1 8 -0.139171
1 1 9 -0.120137
1 1 10 -0.101103
1 1 11 -0.0820694
1 1 12 -0.0630357
1 1 13 -0.0440019
1 1 14 -0.0249682
1 1 15 -0.00593447
1 1 16 0.0130993
1 1 17 0.032133
1 1 18 0.0511667
1 1 19 0.0702005
1 2 0 -0.314666
1 2 1 -0.295633
1 2 2 -0.276599
1 2 3 -0.257565
1 2 4 -0.238531
1 2 5 -0.219498
1 2 6 -0.200464
1 2 7 -0.18143
1 2 8 -0.162396
1 2 9 -0.143363
1 2 10 -0.124329
1 2 11 -0.105295
1 2 12 -0.0862615
1 2 13 -0.0672277
1 2 14 -0.048194
1 2 15 -0.0291603
1 2 16 -0.0101265
1 2 17 0.00890719
1 2 18 0.0279409
1 2 19 0.0469747
1 3 0 -0.337892
1 3 1 -0.318858
1 3 2 -0.299825
1 3 3 -0.280791
1 3 4 -0.261757
1 3 5 -0.242723
1 3 6 -0.22369
1 3 7 -0.204656
1 3 8 -0.185622
1 3 9 -0.166588
1 3 10 -0.147555
1 3 11 -0.128521
1 3 12 -0.109487
1 3 13 -0.0904536
1 3 14 -0.0714198
1 3 15 -0.0523861
1 3 16 -0.0333524
1 3 17 -0.0143186
1 3 18 0.00471512
1 3 19 0.0237488
1 4 0 -0.361118
1 4 1 -0.342084
1 4 2 -0.32305
1 4 3 -0.304017
1 4 4 -0.284983
1 4 5 -0.265949
1 4 6 -0.246915
1 4 7 -0.227882
1 4 8 -0.208848
1 4 9 -0.189814
1 4 10 -0.170781
1 4 11 -0.151747
1 4 12 -0.132713
1 4 13 -0.113679
1 4 14 -0.0946456
1 4 15 -0.0756119
1 4 16 -0.0565782
1 4 17 -0.0375444
1 4 18 -0.0185107
1 4 19 0.000523041
1 5 0 -0.384344
1 5 1 -0.36531
1 5 2 -0.346276
1 5 3 -0.327242
1 5 4 -0.308209
1 5 5 -0.289175
1 5 6 -0.270141
1 5 7 -0.251108
1 5 8 -0.232074
1 5 9 -0.21304
1 5 10 -0.194006
1 5 11 -0.174973
1 5 12 -0.155939
1 5 13 -0.136905
1 5 14 -0.117871
1 5 15 -0.0988377
1 5 16 -0.079804
1 5 17 -0.0607702
1 5 18 -0.0417365
1 5 19 -0.0227028
1 6 0 -0.40757
1 6 1 -0.388536
1 6 2 -0.369502
1 6 3 -0.350468
1 6 4 -0.331435
1 6 5 -0.312401
1 6 6 -0.293367
1 6 7 -0.274333
1 6 8 -0.2553
1 6 9 -0.236266
1 6 10 -0.217232
1 6 11 -0.198198
1 6 12 -0.179165
1 6 13 -0.160131
1 6 14 -0.141097
1 6 15 -0.122064
1 6 16 -0.10303
1 6 17 -0.083996
1 6 18 -0.0649623
1 6 19 -0.0459286
1 7 0 -0.430795
1 7 1 -0.411762
1 7 2 -0.392728
1 7 3 -0.373694
1 7 4 -0.35466
1 7 5 -0.335627
1 7 6 -0.316593
1 7 7 -0.297559
1 7 8 -0.278525
1 7 9 -0.259492
1 7 10 -0.240458
1 7 11 -0.221424
1 7 12 -0.202391
1 7 13 -0.183357
1 7 14 -0.164323
1 7 15 -0.145289
1 7 16 -0.126256
1 7 17 -0.107222
1 7 18 -0.0881881
1 7 19 -0.0691544
1 8 0 -0.454021
1 8 1 -0.434987
1 8 2 -0.415954
1 8 3 -0.39692
1 8 4 -0.377886
1 8 5 -0.358852
1 8 6 -0.339819
1 8 7 -0.320785
1 8 8 -0.301751
1 8 9 -0.282718
1 8 10 -0.263684
1 8 11 -0.24465
1 8 12 -0.225616
1 8 13 -0.206583
1 8 14 -0.187549
1 8 15 -0.168515
1 8 16 -0.149481
1 8 17 -0.130448
1 8 18 -0.111414
1 8 19 -0.0923802
1 9 0 -0.477247
1 9 1 -0.458213
1 9 2 -0.439179
1 9 3 -0.420146
1 9 4 -0.401112
1 9 5 -0.382078
1 9 6 -0.363045
1 9 7 -0.344011
1 9 8 -0.324977
1 9 9 -0.305943
1 9 10 -0.28691
1 9 11 -0.267876
1 9 12 -0.248842
1 9 13 -0.229808
1 9 14 -0.210775
1 9 15 -0.191741
1 9 16 -0.172707
1 9 17 -0.153673
1 9 18 -0.13464
1 9 19 -0.115606
1 10 0 -0.500473
1 10 1 -0.481439
1 10 2 -0.462405
1 10 3 -0.443372
1 10 4 -0.424338
1 10 5 -0.405304
1 10 6 -0.38627
1 10 7 -0.367237
1 10 8 -0.348203
1 10 9 -0.329169
1 10 10 -0.310135
1 10 11 -0.291102
1 10 12 -0.272068
1 10 13 -0.253034
1 10 14 -0.234
1 10 15 -0.214967
1 10 16 -0.195933
1 10 17 -0.176899
1 10 18 -0.157866
1 10 19 -0.138832
1 11 0 -0.523699
1 11 1 -0.504665
1 11 2 -0.485631
1 11 3 -0.466597
1 11 4 -0.447564
1 11 5 -0.42853
1 11 6 -0.409496
1 11 7 -0.390462
1 11 8 -0.371429
1 11 9 -0.352395
1 11 10 -0.333361
1 11 11 -0.314327
1 11 12 -0.295294
1 11 13 -0.27626
1 11 14 -0.257226
1 11 15 -0.238193
1 11 16 -0.219159
1 11 17 -0.200125
1 11 18 -0.181091
1 11 19 -0.162058
1 12 0 -0.546924
1 12 1 -0.527891
1 12 2 -0.508857
1 12 3 -0.489823
1 12 4 -0.470789
1 12 5 -0.451756
1 12 6 -0.432722
1 12 7 -0.413688
1 12 8 -0.394654
1 12 9 -0.375621
1 12 10 -0.356587
1 12 11 -0.337553
1 12 12 -0.31852
1 12 13 -0.299486
1 12 14 -0.280452
1 12 15 -0.261418
1 12 16 -0.242385
1 12 17 -0.223351
1 12 18 -0.204317
1 12 19 -0.185283
1 13 0 -0.57015
1 13 1 -0.551116
1 13 2 -0.532083
1 13 3 -0.513049
1 13 4 -0.494015
1 13 5 -0.474981
1 13 6 -0.455948
1 13 7 -0.436914
1 13 8 -0.41788
1 13 9 -0.398847
1 13 10 -0.379813
1 13 11 -0.360779
1 13 12 -0.341745
1 13 13 -0.322712
1 13 14 -0.303678
1 13 15 -0.284644
1 13 16 -0.26561
1 13 17 -0.246577
1 13 18 -0.227543
1 13 19 -0.208509
1 14 0 -0.593376
1 14 1 -0.574342
1 14 2 -0.555309
1 14 3 -0.536275
1 14 4 -0.517241
1 14 5 -0.498207
1 14 6 -0.479174
1 14 7 -0.46014
1 14 8 -0.441106
1 14 9 -0.422072
1 14 10 -0.403039
1 14 11 -0.384005
1 14 12 -0.364971
1 14 13 -0.345937
1 14 14 -0.326904
1 14 15 -0.30787
1 14 16 -0.288836
1 14 17 -0.269803
1 14 18 -0.250769
1 14 19 -0.231735
1 15 0 -0.616602
1 15 1 -0.597568
1 15 2 -0.578534
1 15 3 -0.559501
1 15 4 -0.540467
1 15 5 -0.521433
1 15 6 -0.502399
1 15 7 -0.483366
1 15 8 -0.464332
1 15 9 -0.445298
1 15 10 -0.426264
1 15 11 -0.407231
1 15 12 -0.388197
1 15 13 -0.369163
1 15 14 -0.35013
1 15 15 -0.331096
1 15 16 -0.312062
1 15 17 -0.293028
1 15 18 -0.273995
1 15 19 -0.254961
1 16 0 -0.639828
1 16 1 -0.620794
1 16 2 -0.60176
1 16 3 -0.582726
1 16 4 -0.563693
1 16 5 -0.544659
1 16 6 -0.525625
1 16 7 -0.506591
1 16 8 -0.487558
1 16 9 -0.468524
1 16 10 -0.44949
1 16 11 -0.430457
1 16 12 -0.411423
1 16 13 -0.392389
1 16 14 -0.373355
1 16 15 -0.354322
1 16 16 -0.335288
1 16 17 -0.316254
1 16 18 -0.29722
1 16 19 -0.278187
1 17 0 -0.663053
1 17 1 -0.64402
1 17 2 -0.624986
1 17 3 -0.605952
1 17 4 -0.586918
1 17 5 -0.567885
1 17 6 -0.548851
1 17 7 -0.529817
1 17 8 -0.510784
1 17 9 -0.49175
1 17 10 -0.472716
1 17 11 -0.453682
1 17 12 -0.434649
1 17 13 -0.415615
1 17 14 -0.396581
1 17 15 -0.377547
1 17 16 -0.358514
1 17 17 -0.33948
1 17 18 -0.320446
1 17 19 -0.301412
1 18 0 -0.686279
1 18 1 -0.667245
1 18 2 -0.648212
1 18 3 -0.629178
1 18 4 -0.610144
1 18 5 -0.591111
1 18 6 -0.572077
1 18 7 -0.553043
1 18 8 -0.534009
1 18 9 -0.514976
1 18 10 -0.495942
1 18 11 -0.476908
1 18 12 -0.457874
1 18 13 -0.438841
1 18 14 -0.419807
1 18 15 -0.400773
1 18 16 -0.381739
1 18 17 -0.362706
1 18 18 -0.343672
1 18 19 -0.324638
1 19 0 -0.709505
1 19 1 -0.690471
1 19 2 -0.671438
1 19 3 -0.652404
1 19 4 -0.63337
1 19 5 -0.614336
1 19 6 -0.595303
1 19 7 -0.576269
1 19 8 -0.557235
1 19 9 -0.538201
1 19 10 -0.519168
1 19 11 -0.500134
1 19 12 -0.4811
1 19 13 -0.462066
1 19 14 -0.443033
1 19 15 -0.423999
1 19 16 -0.404965
1 19 17 -0.385932
1 19 18 -0.366898
1 19 19 -0.347864
