0 0 0 0.0298098
0 0 1 0.0578572
0 0 2 0.0859046
0 0 3 0.113952
0 0 4 0.141999
0 0 5 0.170047
0 0 6 0.198094
0 0 7 0.226142
0 0 8 0.254189
0 0 9 0.282236
0 0 10 0.310284
0 0 11 0.338331
0 0 12 0.366378
0 0 13 0.394426
0 0 14 0.422473
0 0 15 0.450521
0 0 16 0.478568
0 0 17 0.506615
0 0 18 0.534663
0 0 19 0.56271
0 1 0 0.011017
0 1 1 0.0390644
0 1 2 0.0671118
0 1 3 0.0951592
0 1 4 0.123207
0 1 5 0.151254
0 1 6 0.179301
0 1 7 0.207349
0 1 8 0.235396
0 1 9 0.263443
0 1 10 0.291491
0 1 11 0.319538
0 1 12 0.347586
0 1 13 0.375633
0 1 14 0.40368
0 1 15 0.431728
0 1 16 0.459775
0 1 17 0.487823
0 1 18 0.51587
0 1 19 0.543917
0 2 0 -0.00777579
0 2 1 0.0202716
0 2 2 0.048319
0 2 3 0.0763664
0 2 4 0.104414
0 2 5 0.132461
0 2 6 0.160508
0 2 7 0.188556
0 2 8 0.216603
0 2 9 0.244651
0 2 10 0.272698
0 2 11 0.300745
0 2 12 0.328793
0 2 13 0.35684
0 2 14 0.384888
0 2 15 0.412935
0 2 16 0.440982
0 2 17 0.46903
0 2 18 0.497077
0 2 19 0.525124
0 3 0 -0.0265686
0 3 1 0.00147877
0 3 2 0.0295261
0 3 3 0.0575735
0 3 4 0.0856209
0 3 5 0.113668
0 3 6 0.141716
0 3 7 0.169763
0 3 8 0.19781
0 3 9 0.225858
0 3 10 0.253905
0 3 11 0.281953
0 3 12 0.31
0 3 13 0.338047
0 3 14 0.366095
0 3 15 0.394142
0 3 16 0.42219
0 3 17 0.450237
0 3 18 0.478284
0 3 19 0.506332
0 4 0 -0.0453614
0 4 1 -0.0173141
0 4 2 0.0107333
0 4 3 0.0387807
0 4 4 0.0668281
0 4 5 0.0948755
0 4 6 0.122923
0 4 7 0.15097
0 4 8 0.179018
0 4 9 0.207065
0 4 10 0.235112
0 4 11 0.26316
0 4 12 0.291207
0 4 13 0.319255
0 4 14 0.347302
0 4 15 0.375349
0 4 16 0.403397
0 4 17 0.431444
0 4 18 0.459491
0 4 19 0.487539
0 5 0 -0.0641543
0 5 1 -0.0361069
0 5 2 -0.00805949
0 5 3 0.0199879
0 5 4 0.0480353
0 5 5 0.0760827
0 5 6 0.10413
0 5 7 0.132177
0 5 8 0.160225
0 5 9 0.188272
0 5 10 0.21632
0 5 11 0.244367
0 5 12 0.272414
0 5 13 0.300462
0 5 14 0.328509
0 5 15 0.356556
0 5 16 0.384604
0 5 17 0.412651
0 5 18 0.440699
0 5 19 0.468746
0 6 0 -0.0829471
0 6 1 -0.0548997
0 6 2 -0.0268523
0 6 3 0.00119507
0 6 4 0.0292425
0 6 5 0.0572898
0 6 6 0.0853372
0 6 7 0.113385
0 6 8 0.141432
0 6 9 0.169479
0 6 10 0.197527
0 6 11 0.225574
0 6 12 0.253622
0 6 13 0.281669
0 6 14 0.309716
0 6 15 0.337764
0 6 16 0.365811
0 6 17 0.393858
0 6 18 0.421906
0 6 19 0.449953
0 7 0 -0.10174
0 7 1 -0.0736925
0 7 2 -0.0456451
0 7 3 -0.0175978
0 7 4 0.0104496
0 7 5 0.038497
0 7 6 0.0665444
0 7 7 0.0945918
0 7 8 0.122639
0 7 9 0.150687
0 7 10 0.178734
0 7 11 0.206781
0 7 12 0.234829
0 7 13 0.262876
0 7 14 0.290923
0 7 15 0.318971
0 7 16 0.347018
0 7 17 0.375066
0 7 18 0.403113
0 7 19 0.43116
0 8 0 -0.120533
0 8 1 -0.0924853
0 8 2 -0.064438
0 8 3 -0.0363906
0 8 4 -0.00834319
0 8 5 0.0197042
0 8 6 0.0477516
0 8 7 0.075799
0 8 8 0.103846
0 8 9 0.131894
0 8 10 0.159941
0 8 11 0.187988
0 8 12 0.216036
0 8 13 0.244083
0 8 14 0.272131
0 8 15 0.300178
0 8 16 0.328225
0 8 17 0.356273
0 8 18 0.38432
0 8 19 0.412368
0 9 0 -0.139326
0 9 1 -0.111278
0 9 2 -0.0832308
0 9 3 -0.0551834
0 9 4 -0.027136
0 9 5 0.000911367
0 9 6 0.0289588
0 9 7 0.0570061
0 9 8 0.0850535
0 9 9 0.113101
0 9 10 0.141148
0 9 11 0.169196
0 9 12 0.197243
0 9 13 0.22529
0 9 14 0.253338
0 9 15 0.281385
0 9 16 0.309433
0 9 17 0.33748
0 9 18 0.365527
0 9 19 0.393575
0 10 0 -0.158118
0 10 1 -0.130071
0 10 2 -0.102024
0 10 3 -0.0739762
0 10 4 -0.0459288
0 10 5 -0.0178815
0 10 6 0.0101659
0 10 7 0.0382133
0 10 8 0.0662607
0 10 9 0.0943081
0 10 10 0.122355
0 10 11 0.150403
0 10 12 0.17845
0 10 13 0.206498
0 10 14 0.234545
0 10 15 0.262592
0 10 16 0.29064
0 10 17 0.318687
0 10 18 0.346735
0 10 19 0.374782
0 11 0 -0.176911
0 11 1 -0.148864
0 11 2 -0.120816
0 11 3 -0.092769
0 11 4 -0.0647217
0 11 5 -0.0366743
0 11 6 -0.00862689
0 11 7 0.0194205
0 11 8 0.0474679
0 11 9 0.0755153
0 11 10 0.103563
0 11 11 0.13161
0 11 12 0.159657
0 11 13 0.187705
0 11 14 0.215752
0 11 15 0.2438
0 11 16 0.271847
0 11 17 0.299894
0 11 18 0.327942
0 11 19 0.355989
0 12 0 -0.195704
0 12 1 -0.167657
0 12 2 -0.139609
0 12 3 -0.111562
0 12 4 -0.0835145
0 12 5 -0.0554671
0 12 6 -0.0274197
0 12 7 0.000627668
0 12 8 0.028675
0 12 9 0.0567224
0 12 10 0.0847698
0 12 11 0.112817
0 12 12 0.140865
0 12 13 0.168912
0 12 14 0.196959
0 12 15 0.225007
0 12 16 0.253054
0 12 17 0.281101
0 12 18 0.309149
0 12 19 0.337196
0 13 0 -0.214497
0 13 1 -0.186449
0 13 2 -0.158402
0 13 3 -0.130355
0 13 4 -0.102307
0 13 5 -0.0742599
0 13 6 -0.0462125
0 13 7 -0.0181652
0 13 8 0.00988223
0 13 9 0.0379296
0 13 10 0.065977
0 13 11 0.0940244
0 13 12 0.122072
0 13 13 0.150119
0 13 14 0.178167
0 13 15 0.206214
0 13 16 0.234261
0 13 17 0.262309
0 13 18 0.290356
0 13 19 0.318403
0 14 0 -0.23329
0 14 1 -0.205242
0 14 2 -0.177195
0 14 3 -0.149148
0 14 4 -0.1211
0 14 5 -0.0930527
0 14 6 -0.0650054
0 14 7 -0.036958
0 14 8 -0.00891059
0 14 9 0.0191368
0 14 10 0.0471842
0 14 11 0.0752316
0 14 12 0.103279
0 14 13 0.131326
0 14 14 0.159374
0 14 15 0.187421
0 14 16 0.215468
0 14 17 0.243516
0 14 18 0.271563
0 14 19 0.299611
0 15 0 -0.252082
0 15 1 -0.224035
0 15 2 -0.195988
0 15 3 -0.16794
0 15 4 -0.139893
0 15 5 -0.111846
0 15 6 -0.0837982
0 15 7 -0.0557508
0 15 8 -0.0277034
0 15 9 0.000343968
0 15 10 0.0283914
0 15 11 0.0564387
0 15 12 0.0844861
0 15 13 0.112534
0 15 14 0.140581
0 15 15 0.168628
0 15 16 0.196676
0 15 17 0.224723
0 15 18 0.25277
0 15 19 0.280818
0 16 0 -0.270875
0 16 1 -0.242828
0 16 2 -0.214781
0 16 3 -0.186733
0 16 4 -0.158686
0 16 5 -0.130638
0 16 6 -0.102591
0 16 7 -0.0745436
0 16 8 -0.0464962
0 16 9 -0.0184489
0 16 10 0.00959853
0 16 11 0.0376459
0 16 12 0.0656933
0 16 13 0.0937407
0 16 14 0.121788
0 16 15 0.149835
0 16 16 0.177883
0 16 17 0.20593
0 16 18 0.233978
0 16 19 0.262025
0 17 0 -0.289668
0 17 1 -0.261621
0 17 2 -0.233573
0 17 3 -0.205526
0 17 4 -0.177479
0 17 5 -0.149431
0 17 6 -0.121384
0 17 7 -0.0933364
0 17 8 -0.0652891
0 17 9 -0.0372417
0 17 10 -0.00919429
0 17 11 0.0188531
0 17 12 0.0469005
0 17 13 0.0749479
0 17 14 0.102995
0 17 15 0.131043
0 17 16 0.15909
0 17 17 0.187137
0 17 18 0.215185
0 17 19 0.243232
0 18 0 -0.308461
0 18 1 -0.280414
0 18 2 -0.252366
0 18 3 -0.224319
0 18 4 -0.196271
0 18 5 -0.168224
0 18 6 -0.140177
0 18 7 -0.112129
0 18 8 -0.0840819
0 18 9 -0.0560345
0 18 10 -0.0279871
0 18 11 6.02688e-05
0 18 12 0.0281077
0 18 13 0.056155
0 18 14 0.0842024
0 18 15 0.11225
0 18 16 0.140297
0 18 17 0.168345
0 18 18 0.196392
0 18 19 0.224439
0 19 0 -0.327254
0 19 1 -0.299206
0 19 2 -0.271159
0 19 3 -0.243112
0 19 4 -0.215064
0 19 5 -0.187017
0 19 6 -0.158969
0 19 7 -0.130922
0 19 8 -0.102875
0 19 9 -0.0748273
0 19 10 -0.0467799
0 19 11 -0.0187326
0 19 12 0.00931483
0 19 13 0.0373622
0 19 14 0.0654096
0 19 15 0.093457
0 19 16 0.121504
0 19 17 0.149552
0 19 18 0.177599
0 19 19 0.205647
1 0 0 -0.147068
1 0 1 -0.119021
1 0 2 -0.0909737
1 0 3 -0.0629263
1 0 4 -0.0348789
1 0 5 -0.00683152
1 0 6 0.0212159
1 0 7 0.0492632
1 0 8 0.0773106
1 0 9 0.105358
1 0 10 0.133405
1 0 11 0.161453
1 0 12 0.1895
1 0 13 0.217548
1 0 14 0.245595
1 0 15 0.273642
1 0 16 0.30169
1 0 17 0.329737
1 0 18 0.357784
1 0 19 0.385832
1 1 0 -0.165861
1 1 1 -0.137814
1 1 2 -0.109766
1 1 3 -0.0817191
1 1 4 -0.0536717
1 1 5 -0.0256243
1 1 6 0.00242304
1 1 7 0.0304704
1 1 8 0.0585178
1 1 9 0.0865652
1 1 10 0.114613
1 1 11 0.14266
1 1 12 0.170707
1 1 13 0.198755
1 1 14 0.226802
1 1 15 0.254849
1 1 16 0.282897
1 1 17 0.310944
1 1 18 0.338992
1 1 19 0.367039
1 2 0 -0.184654
1 2 1 -0.156607
1 2 2 -0.128559
1 2 3 -0.100512
1 2 4 -0.0724645
1 2 5 -0.0444172
1 2 6 -0.0163698
1 2 7 0.0116776
1 2 8 0.039725
1 2 9 0.0677724
1 2 10 0.0958197
1 2 11 0.123867
1 2 12 0.151915
1 2 13 0.179962
1 2 14 0.208009
1 2 15 0.236057
1 2 16 0.264104
1 2 17 0.292151
1 2 18 0.320199
1 2 19 0.348246
1 3 0 -0.203447
1 3 1 -0.1754
1 3 2 -0.147352
1 3 3 -0.119305
1 3 4 -0.0912574
1 3 5 -0.06321
1 3 6 -0.0351626
1 3 7 -0.00711522
1 3 8 0.0209322
1 3 9 0.0489795
1 3 10 0.0770269
1 3 11 0.105074
1 3 12 0.133122
1 3 13 0.161169
1 3 14 0.189216
1 3 15 0.217264
1 3 16 0.245311
1 3 17 0.273359
1 3 18 0.301406
1 3 19 0.329453
1 4 0 -0.22224
1 4 1 -0.194192
1 4 2 -0.166145
1 4 3 -0.138098
1 4 4 -0.11005
1 4 5 -0.0820028
1 4 6 -0.0539554
1 4 7 -0.025908
1 4 8 0.00213934
1 4 9 0.0301867
1 4 10 0.0582341
1 4 11 0.0862815
1 4 12 0.114329
1 4 13 0.142376
1 4 14 0.170424
1 4 15 0.198471
1 4 16 0.226518
1 4 17 0.254566
1 4 18 0.282613
1 4 19 0.310661
1 5 0 -0.241033
1 5 1 -0.212985
1 5 2 -0.184938
1 5 3 -0.15689
1 5 4 -0.128843
1 5 5 -0.100796
1 5 6 -0.0727482
1 5 7 -0.0447009
1 5 8 -0.0166535
1 5 9 0.0113939
1 5 10 0.0394413
1 5 11 0.0674887
1 5 12 0.095536
1 5 13 0.123583
1 5 14 0.151631
1 5 15 0.179678
1 5 16 0.207726
1 5 17 0.235773
1 5 18 0.26382
1 5 19 0.291868
1 6 0 -0.259825
1 6 1 -0.231778
1 6 2 -0.203731
1 6 3 -0.175683
1 6 4 -0.147636
1 6 5 -0.119588
1 6 6 -0.0915411
1 6 7 -0.0634937
1 6 8 -0.0354463
1 6 9 -0.00739892
1 6 10 0.0206485
1 6 11 0.0486958
1 6 12 0.0767432
1 6 13 0.104791
1 6 14 0.132838
1 6 15 0.160885
1 6 16 0.188933
1 6 17 0.21698
1 6 18 0.245028
1 6 19 0.273075
1 7 0 -0.278618
1 7 1 -0.250571
1 7 2 -0.222523
1 7 3 -0.194476
1 7 4 -0.166429
1 7 5 -0.138381
1 7 6 -0.110334
1 7 7 -0.0822865
1 7 8 -0.0542391
1 7 9 -0.0261917
1 7 10 0.00185564
1 7 11 0.029903
1 7 12 0.0579504
1 7 13 0.0859978
1 7 14 0.114045
1 7 15 0.142093
1 7 16 0.17014
1 7 17 0.198187
1 7 18 0.226235
1 7 19 0.254282
1 8 0 -0.297411
1 8 1 -0.269364
1 8 2 -0.241316
1 8 3 -0.213269
1 8 4 -0.185221
1 8 5 -0.157174
1 8 6 -0.129127
1 8 7 -0.101079
1 8 8 -0.0730319
1 8 9 -0.0449846
1 8 10 -0.0169372
1 8 11 0.0111102
1 8 12 0.0391576
1 8 13 0.067205
1 8 14 0.0952523
1 8 15 0.1233
1 8 16 0.151347
1 8 17 0.179394
1 8 18 0.207442
1 8 19 0.235489
1 9 0 -0.316204
1 9 1 -0.288156
1 9 2 -0.260109
1 9 3 -0.232062
1 9 4 -0.204014
1 9 5 -0.175967
1 9 6 -0.14792
1 9 7 -0.119872
1 9 8 -0.0918248
1 9 9 -0.0637774
1 9 10 -0.03573
1 9 11 -0.00768262
1 9 12 0.0203648
1 9 13 0.0484121
1 9 14 0.0764595
1 9 15 0.104507
1 9 16 0.132554
1 9 17 0.160602
1 9 18 0.188649
1 9 19 0.216696
1 10 0 -0.334997
1 10 1 -0.306949
1 10 2 -0.278902
1 10 3 -0.250854
1 10 4 -0.222807
1 10 5 -0.19476
1 10 6 -0.166712
1 10 7 -0.138665
1 10 8 -0.110618
1 10 9 -0.0825702
1 10 10 -0.0545228
1 10 11 -0.0264754
1 10 12 0.00157194
1 10 13 0.0296193
1 10 14 0.0576667
1 10 15 0.0857141
1 10 16 0.113761
1 10 17 0.141809
1 10 18 0.169856
1 10 19 0.197904
1 11 0 -0.353789
1 11 1 -0.325742
1 11 2 -0.297695
1 11 3 -0.269647
1 11 4 -0.2416
1 11 5 -0.213553
1 11 6 -0.185505
1 11 7 -0.157458
1 11 8 -0.12941
1 11 9 -0.101363
1 11 10 -0.0733156
1 11 11 -0.0452683
1 11 12 -0.0172209
1 11 13 0.0108265
1 11 14 0.0388739
1 11 15 0.0669213
1 11 16 0.0949686
1 11 17 0.123016
1 11 18 0.151063
1 11 19 0.179111
1 12 0 -0.372582
1 12 1 -0.344535
1 12 2 -0.316488
1 12 3 -0.28844
1 12 4 -0.260393
1 12 5 -0.232345
1 12 6 -0.204298
1 12 7 -0.176251
1 12 8 -0.148203
1 12 9 -0.120156
1 12 10 -0.0921085
1 12 11 -0.0640611
1 12 12 -0.0360137
1 12 13 -0.00796632
1 12 14 0.0200811
1 12 15 0.0481284
1 12 16 0.0761758
1 12 17 0.104223
1 12 18 0.132271
1 12 19 0.160318
1 13 0 -0.391375
1 13 1 -0.363328
1 13 2 -0.33528
1 13 3 -0.307233
1 13 4 -0.279186
1 13 5 -0.251138
1 13 6 -0.223091
1 13 7 -0.195043
1 13 8 -0.166996
1 13 9 -0.138949
1 13 10 -0.110901
1 13 11 -0.0828539
1 13 12 -0.0548065
1 13 13 -0.0267591
1 13 14 0.00128824
1 13 15 0.0293356
1 13 16 0.057383
1 13 17 0.0854304
1 13 18 0.113478
1 13 19 0.141525
1 14 0 -0.410168
1 14 1 -0.382121
1 14 2 -0.354073
1 14 3 -0.326026
1 14 4 -0.297978
1 14 5 -0.269931
1 14 6 -0.241884
1 14 7 -0.213836
1 14 8 -0.185789
1 14 9 -0.157741
1 14 10 -0.129694
1 14 11 -0.101647
1 14 12 -0.0735993
1 14 13 -0.045552
1 14 14 -0.0175046
1 14 15 0.0105428
1 14 16 0.0385902
1 14 17 0.0666376
1 14 18 0.094685
1 14 19 0.122732
1 15 0 -0.428961
1 15 1 -0.400913
1 15 2 -0.372866
1 15 3 -0.344819
1 15 4 -0.316771
1 15 5 -0.288724
1 15 6 -0.260676
1 15 7 -0.232629
1 15 8 -0.204582
1 15 9 -0.176534
1 15 10 -0.148487
1 15 11 -0.12044
1 15 12 -0.0923922
1 15 13 -0.0643448
1 15 14 -0.0362974
1 15 15 -0.00825002
1 15 16 0.0197974
1 15 17 0.0478447
1 15 18 0.0758921
1 15 19 0.10394
1 16 0 -0.447754
1 16 1 -0.419706
1 16 2 -0.391659
1 16 3 -0.363611
1 16 4 -0.335564
1 16 5 -0.307517
1 16 6 -0.279469
1 16 7 -0.251422
1 16 8 -0.223375
1 16 9 -0.195327
1 16 10 -0.16728
1 16 11 -0.139232
1 16 12 -0.111185
1 16 13 -0.0831376
1 16 14 -0.0550902
1 16 15 -0.0270428
1 16 16 0.00100454
1 16 17 0.0290519
1 16 18 0.0570993
1 16 19 0.0851467
1 17 0 -0.466546
1 17 1 -0.438499
1 17 2 -0.410452
1 17 3 -0.382404
1 17 4 -0.354357
1 17 5 -0.32631
1 17 6 -0.298262
1 17 7 -0.270215
1 17 8 -0.242167
1 17 9 -0.21412
1 17 10 -0.186073
1 17 11 -0.158025
1 17 12 -0.129978
1 17 13 -0.10193
1 17 14 -0.073883
1 17 15 -0.0458357
1 17 16 -0.0177883
1 17 17 0.0102591
1 17 18 0.0383065
1 17 19 0.0663539
1 18 0 -0.485339
1 18 1 -0.457292
1 18 2 -0.429244
1 18 3 -0.401197
1 18 4 -0.37315
1 18 5 -0.345102
1 18 6 -0.317055
1 18 7 -0.289008
1 18 8 -0.26096
1 18 9 -0.232913
1 18 10 -0.204865
1 18 11 -0.176818
1 18 12 -0.148771
1 18 13 -0.120723
1 18 14 -0.0926759
1 18 15 -0.0646285
1 18 16 -0.0365811
1 18 17 -0.00853372
1 18 18 0.0195137
1 18 19 0.047561
1 19 0 -0.504132
1 19 1 -0.476085
1 19 2 -0.448037
1 19 3 -0.41999
1 19 4 -0.391943
1 19 5 -0.363895
1 19 6 -0.335848
1 19 7 -0.3078
1 19 8 -0.279753
1 19 9 -0.251706
1 19 10 -0.223658
1 19 11 -0.195611
1 19 12 -0.167563
1 19 13 -0.139516
1 19 14 -0.111469
1 19 15 -0.0834213
1 19 16 -0.0553739
1 19 17 -0.0273265
1 19 18 0.000720842
1 19 19 0.0287682
