0 0 0 1 0.0439966920214
0 1 0 1 0.999887852194
0 2 0 1 1.05424216962
0 3 0 1 1.00025455639
0 4 0 1 0.939544689455
0 5 0 1 0.78639862585
0 6 0 1 1.00014187463
0 7 0 1 1.00008191233
0 8 0 1 0.153746251348
0 9 0 1 0.0527179343534
0 10 0 1 0.999847927486
0 11 0 1 1.18726797505
0 12 0 1 0.99981762883
0 13 0 1 0.98865180352
0 14 0 1 0.987163586723
0 15 0 1 1.00014019593
0 16 0 1 0.999795589212
0 17 0 1 1.00011631939
0 18 0 1 0.999689015795
0 19 0 1 0.637332978317
0 0 1 0 -0.343041083322
0 1 1 1 0.706972608972
0 2 1 1 0.888589760069
0 3 1 1 0.988338222727
0 4 1 1 1.10284610109
0 5 1 1 1.0002638167
0 6 1 1 1.06047148708
0 7 1 1 1.01193512001
0 8 1 1 0.480778182513
0 9 1 1 0.470060465392
0 10 1 1 1.10197788009
0 11 1 1 1.17896021168
0 12 1 1 1.00026213597
0 13 1 1 0.958672712334
0 14 1 1 0.999823705506
0 15 1 1 1.06088637487
0 16 1 1 1.04006277185
0 17 1 1 1.01038954524
0 18 1 1 0.981637908717
0 19 1 1 0.606712541871
0 0 2 0 -1.00044737479
0 1 2 0 -0.162816356706
0 2 2 1 0.396737473693
0 3 2 1 0.845388737834
0 4 2 1 1.19060891783
0 5 2 1 1.23213575548
0 6 2 1 1.16202150062
0 7 2 1 1.06829194799
0 8 2 1 0.932679895424
0 9 2 1 0.999682066559
0 10 2 1 1.15563288166
0 11 2 1 1.07513932289
0 12 2 1 1.00114142464
0 13 2 1 1.0001805376
0 14 2 1 1.00625187133
0 15 2 1 1.01695762297
0 16 2 1 1.00012732808
0 17 2 1 1.03572238836
0 18 2 1 1.00031178795
0 19 2 1 0.580113362954
0 0 3 0 -1.26996978481
0 1 3 0 -1.00038110058
0 2 3 0 -0.300762092217
0 3 3 1 0.378946582837
0 4 3 1 0.770871660178
0 5 3 1 0.956765955598
0 6 3 1 1.13045028009
0 7 3 1 1.22531696176
0 8 3 1 1.17410390103
0 9 3 1 1.19212855186
0 10 3 1 1.15310178578
0 11 3 1 1.00004534683
0 12 3 1 1.01462035051
0 13 3 1 1.06466138825
0 14 3 1 1.0505773105
0 15 3 1 1.00279845242
0 16 3 1 0.999673542177
0 17 3 1 1.12185238222
0 18 3 1 1.05965650986
0 19 3 1 0.567435453233
0 0 4 0 -1.15315834818
0 1 4 0 -1.20574533678
0 2 4 0 -0.664060089534
0 3 4 0 -0.175070605922
0 4 4 0 -0.0814828239303
0 5 4 1 0.0613263177435
0 6 4 1 0.597840019109
0 7 4 1 1.00035005932
0 8 4 1 0.968285398197
0 9 4 1 1.03270201626
0 10 4 1 1.00027741648
0 11 4 1 0.766176414224
0 12 4 1 0.79360737727
0 13 4 1 0.924900846522
0 14 4 1 1.06042228635
0 15 4 1 1.00006971656
0 16 4 1 0.951366770329
0 17 4 1 1.12995677422
0 18 4 1 1.0000722992
0 19 4 1 0.44999180137
0 0 5 0 -1.03144845035
0 1 5 0 -0.701722591425
0 2 5 0 -0.0966652042607
0 3 5 0 -0.0234336477536
0 4 5 0 -0.427524326416
0 5 5 0 -0.593717458457
0 6 5 0 -0.190051615369
0 7 5 1 0.242404296655
0 8 5 1 0.518468701569
0 9 5 1 1.0000091755
0 10 5 1 1.07199150374
0 11 5 1 0.660187401775
0 12 5 1 0.514125030021
0 13 5 1 0.65976061614
0 14 5 1 0.951118810322
0 15 5 1 0.799639571871
0 16 5 1 0.692155072872
0 17 5 1 1.03693356184
0 18 5 1 0.817092591988
0 19 5 1 0.176847123858
0 0 6 0 -0.999879660789
0 1 6 0 -0.392592607304
0 2 6 1 0.20677212178
0 3 6 1 0.104605648261
0 4 6 0 -0.398722634214
0 5 6 0 -0.798373442227
0 6 6 0 -0.864689666364
0 7 6 0 -0.566835762352
0 8 6 1 0.180770262981
0 9 6 1 1.00730318061
0 10 6 1 0.999997797962
0 11 6 1 0.485114220041
0 12 6 1 0.271223075117
0 13 6 1 0.374669275987
0 14 6 1 0.60784397541
0 15 6 1 0.255340543198
0 16 6 1 0.208608749186
0 17 6 1 0.999913594495
0 18 6 1 0.824437496855
0 19 6 1 0.0134644904693
0 0 7 0 -1.00040196105
0 1 7 0 -0.713349980519
0 2 7 0 -0.504530803553
0 3 7 0 -0.481007209769
0 4 7 0 -0.557871359469
0 5 7 0 -0.833399739866
0 6 7 0 -1.15654338921
0 7 7 0 -1.00029901672
0 8 7 0 -0.174511886758
0 9 7 1 0.357468976638
0 10 7 0 -0.0463003813202
0 11 7 0 -0.340102033885
0 12 7 0 -0.0484990876269
0 13 7 1 0.279978449452
0 14 7 1 0.412879150298
0 15 7 0 -0.104018490281
0 16 7 0 -0.111689649569
0 17 7 1 1.00007474068
0 18 7 1 0.999973279386
0 19 7 1 0.108182216044
0 0 8 0 -0.999675551409
0 1 8 0 -0.965101790854
0 2 8 0 -1.00020161039
0 3 8 0 -0.932791643434
0 4 8 0 -0.765224309211
0 5 8 0 -0.773871545151
0 6 8 0 -1.00438691587
0 7 8 0 -0.999824313489
0 8 8 0 -0.505745451855
0 9 8 0 -0.475706491056
0 10 8 0 -1.08802626619
0 11 8 0 -0.999894838148
0 12 8 0 -0.244581593227
0 13 8 1 0.181191528202
0 14 8 1 0.180384240579
0 15 8 0 -0.364105089481
0 16 8 0 -0.394094335619
0 17 8 1 0.80998468265
0 18 8 1 1.19760307497
0 19 8 1 0.455188379547
0 0 9 0 -1.00002247015
0 1 9 0 -0.999727687106
0 2 9 0 -1.00016786211
0 3 9 0 -1.03734519764
0 4 9 0 -1.01528916066
0 5 9 0 -0.919869372519
0 6 9 0 -0.921129491681
0 7 9 0 -0.843381572332
0 8 9 0 -0.535845185068
0 9 9 0 -0.72348937435
0 10 9 0 -1.14427016359
0 11 9 0 -0.697170484363
0 12 9 1 0.0375462672107
0 13 9 1 0.126018999169
0 14 9 0 -0.160375549707
0 15 9 0 -0.766352350899
0 16 9 0 -0.999610900598
0 17 9 1 0.0868794063106
0 18 9 1 0.999910489251
0 19 9 1 0.681791562066
0 0 10 0 -1.00310391687
0 1 10 0 -1.01299334875
0 2 10 0 -0.906819682771
0 3 10 0 -0.900689404243
0 4 10 0 -0.931734394225
0 5 10 0 -0.999811527739
0 6 10 0 -1.16789787313
0 7 10 0 -1.00015466036
0 8 10 0 -0.56968746674
0 9 10 0 -0.715419076625
0 10 10 0 -0.940536920365
0 11 10 0 -0.377459613104
0 12 10 1 0.131764797205
0 13 10 0 -0.0731078267846
0 14 10 0 -0.408826833004
0 15 10 0 -0.729613297512
0 16 10 0 -0.975951958058
0 17 10 0 -0.528604382087
0 18 10 1 0.174733447539
0 19 10 1 0.25996528294
0 0 11 0 -0.99973240851
0 1 11 0 -1.00008915934
0 2 11 0 -0.801654849529
0 3 11 0 -0.491539252754
0 4 11 0 -0.112181598028
0 5 11 0 -0.265576639601
0 6 11 0 -0.999933135059
0 7 11 0 -1.18218046731
0 8 11 0 -0.781697499189
0 9 11 0 -0.840170303809
0 10 11 0 -1.05667848612
0 11 11 0 -0.708599367089
0 12 11 0 -0.478270725197
0 13 11 0 -0.785863828037
0 14 11 0 -0.910267843519
0 15 11 0 -0.640888279818
0 16 11 0 -0.51219628692
0 17 11 0 -0.688241919811
0 18 11 0 -0.646251470817
0 19 11 0 -0.38705890432
0 0 12 0 -1.0003542787
0 1 12 0 -1.01341727521
0 2 12 0 -0.919866682801
0 3 12 0 -0.510972828945
0 4 12 1 0.29445307004
0 5 12 1 0.400414285912
0 6 12 0 -0.472361859903
0 7 12 0 -0.999716864738
0 8 12 0 -0.88046931945
0 9 12 0 -0.975256166116
0 10 12 0 -1.21996248288
0 11 12 0 -0.999576812957
0 12 12 0 -0.726451783725
0 13 12 0 -0.879825441191
0 14 12 0 -1.06532081558
0 15 12 0 -0.999760463102
0 16 12 0 -0.892649179809
0 17 12 0 -1.00017326564
0 18 12 0 -0.876185052519
0 19 12 0 -0.497446985878
0 0 13 0 -1.00003082978
0 1 13 0 -0.999677575624
0 2 13 0 -1.09799295647
0 3 13 0 -0.999894368857
0 4 13 0 -0.372382254299
0 5 13 0 -0.0965929022519
0 6 13 0 -0.510708758878
0 7 13 0 -0.825726816707
0 8 13 0 -0.842353460072
0 9 13 0 -0.997986587236
0 10 13 0 -1.16572550984
0 11 13 0 -0.800361468244
0 12 13 0 -0.140488371555
0 13 13 1 0.0480190927944
0 14 13 0 -0.471012304032
0 15 13 0 -1.08310832196
0 16 13 0 -1.16677766868
0 17 13 0 -0.994579155546
0 18 13 0 -0.714670435279
0 19 13 0 -0.404393336986
0 0 14 0 -0.999479030773
0 1 14 0 -1.00025675426
0 2 14 0 -1.04776490015
0 3 14 0 -1.09808946578
0 4 14 0 -0.937329770274
0 5 14 0 -0.896561589696
0 6 14 0 -0.991329422735
0 7 14 0 -0.951975396563
0 8 14 0 -0.899117339364
0 9 14 0 -0.992586363095
0 10 14 0 -1.00015170672
0 11 14 0 -0.489979106207
0 12 14 1 0.361423163422
0 13 14 1 0.624529263724
0 14 14 0 -0.171642407176
0 15 14 0 -0.888064302965
0 16 14 0 -0.681860358045
0 17 14 0 -0.492297454136
0 18 14 0 -0.643147768871
0 19 14 0 -0.578031355597
0 0 15 0 -1.02127064735
0 1 15 0 -1.1255310837
0 2 15 0 -0.999714042628
0 3 15 0 -0.849597955872
0 4 15 0 -0.809505160454
0 5 15 0 -0.913015581428
0 6 15 0 -1.00009761128
0 7 15 0 -1.00044791852
0 8 15 0 -0.981809768388
0 9 15 0 -0.957493487474
0 10 15 0 -0.823747923096
0 11 15 0 -0.336106756479
0 12 15 1 0.354444528278
0 13 15 1 0.41859335121
0 14 15 0 -0.418541130003
0 15 15 0 -0.83266837148
0 16 15 0 -0.366550240587
0 17 15 0 -0.359617564838
0 18 15 0 -0.833642408992
0 19 15 0 -0.808988933513
0 0 16 0 -1.00007190187
0 1 16 0 -1.17994012974
0 2 16 0 -1.00028169652
0 3 16 0 -0.709690049555
0 4 16 0 -0.538983404341
0 5 16 0 -0.40314402721
0 6 16 0 -0.385763156254
0 7 16 0 -0.704455496188
0 8 16 0 -0.999760768074
0 9 16 0 -0.995162338675
0 10 16 0 -0.811781545423
0 11 16 0 -0.420843526299
0 12 16 1 0.0332176716607
0 13 16 1 0.0238995894361
0 14 16 0 -0.489201567861
0 15 16 0 -0.554820938816
0 16 16 0 -0.0478710128542
0 17 16 0 -0.0612447286357
0 18 16 0 -0.533856393513
0 19 16 0 -0.614112698348
0 0 17 0 -1.01404431864
0 1 17 0 -1.1721284362
0 2 17 0 -1.00543544688
0 3 17 0 -0.786322472184
0 4 17 0 -0.688158118266
0 5 17 0 -0.442048674919
0 6 17 0 -0.200830940016
0 7 17 0 -0.529845242944
0 8 17 0 -0.999792283499
0 9 17 0 -1.08046204264
0 10 17 0 -0.921254854283
0 11 17 0 -0.625908392273
0 12 17 0 -0.325425541134
0 13 17 0 -0.180567795291
0 14 17 0 -0.129427796458
0 15 17 1 0.0913494278595
0 16 17 1 0.456332710907
0 17 17 1 0.447432220683
0 18 17 1 0.021373498378
0 19 17 0 -0.260344065677
0 0 18 0 -0.999833257547
0 1 18 0 -1.06857786932
0 2 18 0 -0.99607428662
0 3 18 0 -0.948212031207
0 4 18 0 -1.05271770562
0 5 18 0 -0.999936857526
0 6 18 0 -0.717817318649
0 7 18 0 -0.759423112483
0 8 18 0 -0.999402987986
0 9 18 0 -1.03351793849
0 10 18 0 -0.94021250282
0 11 18 0 -0.808745617933
0 12 18 0 -0.714628556353
0 13 18 0 -0.533717751141
0 14 18 0 -0.140122347672
0 15 18 1 0.115365097163
0 16 18 1 0.0741638456789
0 17 18 0 -0.0390286151101
0 18 18 0 -0.218503198201
0 19 18 0 -0.323386720674
0 0 19 0 -1.00005679942
0 1 19 0 -0.999658855723
0 2 19 0 -1.02836259832
0 3 19 0 -1.00024294844
0 4 19 0 -1.12677555965
0 5 19 0 -1.20510521826
0 6 19 0 -1.02627002886
0 7 19 0 -1.00036079721
0 8 19 0 -1.08096028234
0 9 19 0 -1.04001877116
0 10 19 0 -1.00033503185
0 11 19 0 -0.999543422234
0 12 19 0 -1.05339834593
0 13 19 0 -1.00042947962
0 14 19 0 -0.708965244289
0 15 19 0 -0.634340301094
0 16 19 0 -0.922231702883
0 17 19 0 -0.999612219906
0 18 19 0 -0.899261878989
0 19 19 0 -0.685564297978
1 0 0 1 0.313531783492
1 1 0 1 0.999985418049
1 2 0 1 0.999544177812
1 3 0 1 1.00034298943
1 4 0 1 0.999952214004
1 5 0 1 0.961945027759
1 6 0 1 1.00361251649
1 7 0 1 1.09502633584
1 8 0 1 1.00009696591
1 9 0 1 0.999791843913
1 10 0 1 1.1342396088
1 11 0 1 1.00013018592
1 12 0 1 0.999855373499
1 13 0 1 1.00047931774
1 14 0 1 0.999613013049
1 15 0 1 1.03771812116
1 16 0 1 1.00032842531
1 17 0 1 0.999624748465
1 18 0 1 1.00003756187
1 19 0 1 0.624422358927
1 0 1 0 -0.118567527496
1 1 1 1 1.00010988153
1 2 1 1 1.10789496539
1 3 1 1 0.999771394852
1 4 1 1 1.01782784978
1 5 1 1 1.00039966084
1 6 1 1 1.00000452827
1 7 1 1 1.04611336044
1 8 1 1 0.999585356335
1 9 1 1 1.00001342259
1 10 1 1 1.07897828398
1 11 1 1 0.999595746053
1 12 1 1 1.01502372056
1 13 1 1 0.99966725555
1 14 1 1 1.00022319726
1 15 1 1 1.04631400404
1 16 1 1 1.00034380706
1 17 1 1 0.999922761362
1 18 1 1 1.00666476989
1 19 1 1 0.624534912381
1 0 2 0 -0.886662288433
1 1 2 1 0.400428002682
1 2 2 1 0.999578730846
1 3 2 1 1.00135789333
1 4 2 1 1.00018570041
1 5 2 1 1.00711006941
1 6 2 1 1.00022509151
1 7 2 1 1.00742550686
1 8 2 1 0.999952319996
1 9 2 1 1.00067768337
1 10 2 1 1.00085433375
1 11 2 1 0.956520531599
1 12 2 1 1.00038667082
1 13 2 1 1.03326357271
1 14 2 1 1.01811246726
1 15 2 1 0.999765464349
1 16 2 1 0.957973769054
1 17 2 1 1.00984498286
1 18 2 1 1.00016649879
1 19 2 1 0.58244881598
1 0 3 0 -1.19482749792
1 1 3 0 -0.455666949959
1 2 3 1 0.438871499196
1 3 3 1 0.689991443114
1 4 3 1 0.532793780416
1 5 3 1 0.496040297345
1 6 3 1 0.760195991267
1 7 3 1 1.00364092818
1 8 3 1 0.999725523076
1 9 3 1 0.999836248692
1 10 3 1 1.03453597803
1 11 3 1 0.999894402106
1 12 3 1 1.00052347239
1 13 3 1 0.99969849984
1 14 3 1 1.00026707289
1 15 3 1 0.999911870509
1 16 3 1 1.00024827556
1 17 3 1 1.00027566105
1 18 3 1 0.801119415496
1 19 3 1 0.351143245532
1 0 4 0 -1.1834230635
1 1 4 0 -0.999691601069
1 2 4 0 -0.163381446216
1 3 4 1 0.124425625577
1 4 4 0 -0.319667546014
1 5 4 0 -0.491527340274
1 6 4 1 0.105081439113
1 7 4 1 0.652087522278
1 8 4 1 0.679376941428
1 9 4 1 0.814786725089
1 10 4 1 1.00000040038
1 11 4 1 0.99106702426
1 12 4 1 0.931125814264
1 13 4 1 0.830756979661
1 14 4 1 0.922434673381
1 15 4 1 1.00007115277
1 16 4 1 1.04186315599
1 17 4 1 0.999811844768
1 18 4 1 0.557065104855
1 19 4 1 0.0492990313513
1 0 5 0 -1.27567312908
1 1 5 0 -0.999879598924
1 2 5 0 -0.0406039597775
1 3 5 1 0.141218234756
1 4 5 0 -0.583403040849
1 5 5 0 -0.999913222079
1 6 5 0 -0.562247697621
1 7 5 0 -0.0326023607514
1 8 5 1 0.280629436355
1 9 5 1 0.836287287595
1 10 5 1 1.15239352189
1 11 5 1 1.09702675154
1 12 5 1 1.0001294354
1 13 5 1 0.868178516034
1 14 5 1 0.940675110959
1 15 5 1 0.726846684915
1 16 5 1 0.668591432639
1 17 5 1 1.00046306241
1 18 5 1 0.597512493177
1 19 5 0 -0.08064021866
1 0 6 0 -1.29010323123
1 1 6 0 -0.999632725547
1 2 6 0 -0.152464716569
1 3 6 1 0.0524762410791
1 4 6 0 -0.495408186188
1 5 6 0 -1.00036876121
1 6 6 0 -1.00006172301
1 7 6 0 -0.581062529541
1 8 6 1 0.188871707497
1 9 6 1 0.999783448932
1 10 6 1 1.13101903717
1 11 6 1 0.991979423412
1 12 6 1 1.01825723839
1 13 6 1 1.00004004686
1 14 6 1 0.906277113797
1 15 6 1 0.0622108630707
1 16 6 0 -0.186809127284
1 17 6 1 0.999763637653
1 18 6 1 1.05113130366
1 19 6 1 0.109291164869
1 0 7 0 -1.11623530214
1 1 7 0 -1.19719463532
1 2 7 0 -1.00008838317
1 3 7 0 -0.73007408455
1 4 7 0 -0.662724000055
1 5 7 0 -0.860441846856
1 6 7 0 -1.00020909326
1 7 7 0 -0.688006045194
1 8 7 1 0.0293370729608
1 9 7 1 0.382200886214
1 10 7 1 0.0845464385166
1 11 7 1 0.171119716986
1 12 7 1 0.719773460484
1 13 7 1 1.04675682905
1 14 7 1 1.00291842086
1 15 7 0 -0.106778918461
1 16 7 0 -0.568260428074
1 17 7 1 1.00004226216
1 18 7 1 1.4304706331
1 19 7 1 0.393280678203
1 0 8 0 -0.999799024086
1 1 8 0 -1.13407597627
1 2 8 0 -1.28080004155
1 3 8 0 -1.15023232748
1 4 8 0 -0.819825285961
1 5 8 0 -0.591113469959
1 6 8 0 -0.529639232263
1 7 8 0 -0.439175734672
1 8 8 0 -0.264931775635
1 9 8 0 -0.552116189514
1 10 8 0 -1.00046495565
1 11 8 0 -0.51464551351
1 12 8 1 0.33868899565
1 13 8 1 0.68931896195
1 14 8 1 0.771081141507
1 15 8 0 -0.00716689908919
1 16 8 0 -0.547043896579
1 17 8 1 0.708468422031
1 18 8 1 1.36757950487
1 19 8 1 0.604417891587
1 0 9 0 -0.993536027658
1 1 9 0 -0.999888682685
1 2 9 0 -1.06103224336
1 3 9 0 -1.13683575106
1 4 9 0 -0.975403235406
1 5 9 0 -0.518464668285
1 6 9 0 -0.17655934662
1 7 9 0 -0.0867216853187
1 8 9 0 -0.128608456869
1 9 9 0 -0.599628002638
1 10 9 0 -0.864014039288
1 11 9 0 -0.177363718103
1 12 9 1 0.362618598474
1 13 9 1 0.159617452271
1 14 9 1 0.0654371724041
1 15 9 0 -0.380882250227
1 16 9 0 -1.00018999881
1 17 9 0 -0.208316223764
1 18 9 1 0.818571621889
1 19 9 1 0.650780763169
1 0 10 0 -0.999952576596
1 1 10 0 -0.999489802706
1 2 10 0 -0.918087669535
1 3 10 0 -0.9315774408
1 4 10 0 -0.782225376687
1 5 10 0 -0.432145546528
1 6 10 0 -0.279189564587
1 7 10 0 -0.13314547022
1 8 10 1 0.0373198492138
1 9 10 0 -0.289986604343
1 10 10 0 -0.422081158646
1 11 10 1 0.1803794249
1 12 10 1 0.296334385349
1 13 10 0 -0.341462299139
1 14 10 0 -0.587361025223
1 15 10 0 -0.730810185375
1 16 10 0 -1.21071125194
1 17 10 0 -0.915426481077
1 18 10 1 0.0150090668108
1 19 10 1 0.293991380436
1 0 11 0 -1.00027055858
1 1 11 0 -1.000107301
1 2 11 0 -0.799607077772
1 3 11 0 -0.438551422315
1 4 11 1 0.134746293417
1 5 11 1 0.292728058436
1 6 11 0 -0.23104761403
1 7 11 0 -0.460577191932
1 8 11 0 -0.272584557406
1 9 11 0 -0.475838451068
1 10 11 0 -0.628973997243
1 11 11 0 -0.238281890633
1 12 11 0 -0.308405308719
1 13 11 0 -0.999949038631
1 14 11 0 -1.20361597255
1 15 11 0 -0.999924993703
1 16 11 0 -1.0183277609
1 17 11 0 -1.00022947532
1 18 11 0 -0.584972423294
1 19 11 0 -0.222708047228
1 0 12 0 -0.999982363172
1 1 12 0 -1.03029537325
1 2 12 0 -0.928417745851
1 3 12 0 -0.450481180422
1 4 12 1 0.462827177539
1 5 12 1 0.680452863696
1 6 12 0 -0.0839224778851
1 7 12 0 -0.61387562531
1 8 12 0 -0.630481700288
1 9 12 0 -0.827622885641
1 10 12 0 -0.999520242603
1 11 12 0 -0.664033688882
1 12 12 0 -0.517384645847
1 13 12 0 -0.890129308498
1 14 12 0 -1.11692290602
1 15 12 0 -1.11562345286
1 16 12 0 -1.00043795718
1 17 12 0 -0.81791983623
1 18 12 0 -0.542394212923
1 19 12 0 -0.299637894075
1 0 13 0 -1.01906199207
1 1 13 0 -1.06931277283
1 2 13 0 -1.1388262432
1 3 13 0 -0.999727320612
1 4 13 0 -0.384760986325
1 5 13 0 -0.119136235382
1 6 13 0 -0.461823236581
1 7 13 0 -0.73052700943
1 8 13 0 -0.781553397587
1 9 13 0 -0.938973023709
1 10 13 0 -1.02241827076
1 11 13 0 -0.601278000221
1 12 13 0 -0.0526185306465
1 13 13 1 0.0525578667131
1 14 13 0 -0.311965277703
1 15 13 0 -0.711340796825
1 16 13 0 -0.466734409648
1 17 13 1 0.0270191369084
1 18 13 1 0.0900924369692
1 19 13 0 -0.0850941555788
1 0 14 0 -1.09401445038
1 1 14 0 -1.07924648266
1 2 14 0 -0.94747419444
1 3 14 0 -0.97353609006
1 4 14 0 -0.962914264959
1 5 14 0 -1.0001904727
1 6 14 0 -1.0591080481
1 7 14 0 -0.999704041072
1 8 14 0 -0.930328582168
1 9 14 0 -0.94303528262
1 10 14 0 -0.87513081178
1 11 14 0 -0.418451855219
1 12 14 1 0.239911426021
1 13 14 1 0.405004433127
1 14 14 0 -0.207679463326
1 15 14 0 -0.555955167275
1 16 14 1 0.245777918392
1 17 14 1 0.923482324739
1 18 14 1 0.496560014097
1 19 14 0 -0.0924196036185
1 0 15 0 -1.10584695624
1 1 15 0 -0.999496908631
1 2 15 0 -0.524481636031
1 3 15 0 -0.418852423848
1 4 15 0 -0.696520508091
1 5 15 0 -0.994787431297
1 6 15 0 -1.14100443591
1 7 15 0 -1.12261727348
1 8 15 0 -1.00011155329
1 9 15 0 -0.888819348682
1 10 15 0 -0.756713072366
1 11 15 0 -0.372861555905
1 12 15 1 0.101147752451
1 13 15 0 -0.0286878398341
1 14 15 0 -0.855733688405
1 15 15 0 -0.999528580094
1 16 15 1 0.0753193083491
1 17 15 1 0.675866933387
1 18 15 1 0.133317173761
1 19 15 0 -0.342549654885
1 0 16 0 -0.999946042561
1 1 16 0 -0.87951493329
1 2 16 0 -0.3633589515
1 3 16 0 -0.182091023254
1 4 16 0 -0.379153038216
1 5 16 0 -0.568664640956
1 6 16 0 -0.771543281874
1 7 16 0 -0.999874212759
1 8 16 0 -0.995240254355
1 9 16 0 -0.904831735604
1 10 16 0 -0.829484339685
1 11 16 0 -0.52675042935
1 12 16 0 -0.185048611702
1 13 16 0 -0.363475036948
1 14 16 0 -0.999597264686
1 15 16 0 -0.999810857027
1 16 16 0 -0.106633003283
1 17 16 1 0.345886994865
1 18 16 0 -0.04017476753
1 19 16 0 -0.346649558558
1 0 17 0 -1.01776988068
1 1 17 0 -0.999890925562
1 2 17 0 -0.669329866611
1 3 17 0 -0.511392493822
1 4 17 0 -0.572877290252
1 5 17 0 -0.610225967894
1 6 17 0 -0.727742874525
1 7 17 0 -1.00039104267
1 8 17 0 -1.08278995981
1 9 17 0 -1.04436196456
1 10 17 0 -0.999622683928
1 11 17 0 -0.731470311483
1 12 17 0 -0.402335460085
1 13 17 0 -0.309110935342
1 14 17 0 -0.427735168875
1 15 17 0 -0.353299756634
1 16 17 1 0.110947765591
1 17 17 1 0.353983555147
1 18 17 1 0.0748871650389
1 19 17 0 -0.204648433093
1 0 18 0 -1.0163149955
1 1 18 0 -1.03426276225
1 2 18 0 -0.984541893165
1 3 18 0 -0.947237367102
1 4 18 0 -0.933150966591
1 5 18 0 -0.944848884358
1 6 18 0 -0.999919961215
1 7 18 0 -1.11802070606
1 8 18 0 -1.11484469516
1 9 18 0 -1.04332860233
1 10 18 0 -0.997955676526
1 11 18 0 -0.848110926388
1 12 18 0 -0.682084772161
1 13 18 0 -0.534935325712
1 14 18 0 -0.386482131707
1 15 18 0 -0.38124106418
1 16 18 0 -0.396019180659
1 17 18 0 -0.338739729241
1 18 18 0 -0.372206061659
1 19 18 0 -0.378257544553
1 0 19 0 -0.999919912674
1 1 19 0 -1.00036310255
1 2 19 0 -1.08683313547
1 3 19 0 -0.999760897676
1 4 19 0 -0.934654394602
1 5 19 0 -1.00007003324
1 6 19 0 -1.04881420752
1 7 19 0 -1.13597387193
1 8 19 0 -1.12909460506
1 9 19 0 -1.0358963251
1 10 19 0 -1.00743102835
1 11 19 0 -0.988238856344
1 12 19 0 -1.00000374393
1 13 19 0 -0.999885986173
1 14 19 0 -0.920836543151
1 15 19 0 -1.00033350837
1 16 19 0 -1.1744256583
1 17 19 0 -1.11433272898
1 18 19 0 -0.985478831746
1 19 19 0 -0.742285158243
